12
0.003770 0.001834 -0.0001624
0.000000000002096 0.0000000000808 -0.000000000000133
332946
sun
0.13 -0.43 -0.047
0.000000247 0.000000107 -0.0000000139
0.055
mercury
0.18 -0.705 -0.0198
0.000000226 0.0000000547 -0.0000000123
0.815
venus
-0.9423268135 0.29797670593 -0.0001716635792
-0.0000000628003 -0.0000001906987963 0.000000000007914443449
1.0
earth
-0.94257888 0.295379025 0.000069908351
-0.00000005613211806 -0.00000019109374514 -0.0000000000602914015
0.0123
moon
-1.493 -0.6048 0.0239
0.0000000669 -0.000000136 -0.000000004497
0.107
mars
-5.297 1.161 0.114
-0.0000000197 -0.0000000812 0.00000000778
317.8
jupiter
-3.401 -9.413 0.2992
0.0000000572 -0.0000000223 -0.00000000189
95.16
saturn
18.79 6.77 -0.218
-0.0000000158 0.0000000407 0.000000000356
14.54
uranus
28.02 -10.59 -0.428
0.0000000126 0.00000003417 -0.000000000999
17.15
neptune
8.73 -31.67 0.886
0.0000000357 0.00000000213 -0.0000000104
0.00219
pluto
-20.47 25.60 -9.851
0.000000000150 0.00000000975 -0.000000001574
0.000000000369
halley
